# mag seeing radiusIsotropic radiusBleedTrail radiusSpike
03.50 0.640409406502 406.071428571 1041.21428571 967.928571429
04.50 0.847330903733 577.071428571 1138.92857143 1090.07142857
05.50 0.894229170102 466.56122449 710.540816327 775.602040816
06.50 0.907882681477 274.418367347 395.948979592 371.642857143
07.50 0.869500986003 274.418367347 298.724489796 323.030612245
09.50 0.905416557646 66.0102040816 81.1326530612 5.52040816327
11.50 0.895085532371 37.5 43.5 34.5
13.50 0.871486248343 23.7857142857 21.806122449 17.8469387755
15.50 0.884513349259 16.3775510204 24.5204081633 3.58163265306
17.50 0.885149756577 8.66326530612 9.41836734694 0.0
