# mag seeing radiusIsotropic radiusBleedTrail radiusSpike
03.50 0.60057571792 430.5 699.214285714 1041.21428571
04.50 0.669245066171 454.928571429 528.214285714 894.642857143
05.50 0.707902684442 401.5 596.683673469 759.336734694
06.50 0.684806962676 314.928571429 323.030612245 314.928571429
07.50 0.692012322178 266.316326531 298.724489796 306.826530612
09.50 0.698642361019 66.0102040816 101.295918367 71.0510204082
11.50 0.702675649645 40.5 49.5 37.5
13.50 0.697829245781 23.7857142857 25.7653061224 19.8265306122
15.50 0.689325066518 15.2142857143 14.0510204082 11.7244897959
17.50 0.688088010678 9.41836734694 10.1734693878 6.39795918367
