# mag seeing radiusIsotropic radiusBleedTrail radiusSpike
03.50 nan 699.214285714 992.357142857 0.0
04.50 0.522423423824 577.071428571 1187.78571429 1114.5
05.50 0.568708404975 482.826530612 612.948979592 775.602040816
06.50 0.531581412367 323.030612245 290.62244898 387.846938776
07.50 0.528467222897 112.37755102 128.581632653 355.43877551
09.50 0.516690725662 81.1326530612 111.37755102 66.0102040816
11.50 0.543197793421 49.5 79.5 37.5
13.50 0.548206091116 27.7448979592 43.5816326531 17.8469387755
15.50 0.533429757577 18.7040816327 12.887755102 0.0
17.50 0.532096799033 12.4387755102 23.7653061224 0.0
