06248
06478
08038
08039
08278
08279
08280
08281
08282
08283
08284
08285
08286
08519
08520
08521
08522
08523
08524
08525
08526
08527
08761
08762
08763
08764
08765
08766
08767
08768
08769
08985
08986
08994
08995
08996
08997
08998
08999
09003
09004
09005
09006
09007
09008
09009
09010
09011
09069
09070
09071
09072
09073
09074
09075
09076
09077
09078
09079
09080
09081
09082
09083
09084
09085
09086
09087
09088
09089
09090
09091
09092
09096
09097
09098
09099
09100
09101
09102
09103
09104
09105
09106
09107
09108
09109
09110
09111
09112
09113
09114
09115
09116
09117
09118
09119
09120
09121
09122
09123
09124
09125
09126
09127
09128
09129
09130
09131
09132
09133
09134
09135
09136
09206
09207
09208
09209
09210
09211
09212
09213
09214
09215
09216
09217
09218
09219
09220
09221
09222
09223
09224
09225
09226
09227
09228
09229
09230
09231
09232
09233
09236
09237
09238
09239
09240
09241
09242
09245
09246
09247
09248
09249
09250
09251
09252
09253
09312
09313
09314
09315
09316
09317
09318
09319
09320
09321
09322
09323
09324
09325
09326
09327
09328
09329
09330
09331
09332
09333
09334
09335
09338
09339
09340
09341
09342
09343
09344
09345
09346
09347
09348
09349
09350
09351
09352
09353
09354
09355
09356
09357
09358
09359
09360
09361
09362
09363
09364
09365
09366
09367
09368
09369
09370
09371
09372
09373
09374
09375
09376
09377
09378
09379
09448
09449
09450
09451
09452
09453
09454
09455
09456
09457
09458
09459
09460
09461
09462
09463
09464
09465
09466
09467
09468
09469
09470
09471
09472
09473
09474
09475
09476
09479
09480
09481
09482
09483
09484
09485
09488
09489
09490
09491
09492
09493
09494
09495
09496
09555
09556
09557
09558
09559
09560
09561
09562
09563
09564
09565
09566
09567
09568
09569
09570
09571
09572
09573
09574
09575
09576
09577
09578
09581
09582
09583
09584
09585
09586
09587
09588
09589
09590
09591
09592
09593
09594
09595
09596
09597
09598
09599
09600
09601
09602
09603
09604
09605
09606
09607
09608
09609
09610
09611
09612
09613
09614
09615
09616
09617
09618
09619
09620
09621
09622
09691
09692
09693
09694
09695
09696
09697
09698
09699
09700
09701
09702
09703
09704
09705
09706
09707
09708
09709
09710
09711
09712
09713
09714
09715
09716
09717
09718
09719
09722
09723
09724
09725
09726
09727
09728
09731
09732
09733
09734
09735
09736
09737
09738
09739
09797
09798
09799
09800
09801
09802
09803
09804
09805
09806
09807
09808
09809
09810
09811
09812
09813
09814
09815
09816
09817
09818
09819
09820
09824
09825
09826
09827
09828
09829
09830
09831
09832
09833
09834
09835
09836
09837
09838
09839
09840
09841
09842
09843
09844
09845
09846
09847
09848
09849
09850
09851
09852
09853
09854
09855
09856
09857
09858
09859
09860
09861
09862
09863
09864
09933
09934
09935
09936
09937
09938
09939
09940
09941
09942
09943
09944
09945
09946
09947
09948
09949
09950
09951
09952
09953
09954
09955
09956
09957
09958
09959
09960
09964
09965
09966
09967
09968
09969
09973
09974
09975
09976
09977
09978
09979
09980
09981
10039
10040
10041
10042
10043
10044
10045
10046
10047
10048
10049
10050
10051
10053
10054
10055
10056
10057
10079
10080
10081
10082
10083
10084
10085
10101
10102
10103
10104
10105
10106
10175
10176
10177
10178
10179
10180
10181
10182
10183
10184
10185
10186
10187
10188
10189
10190
10191
10192
10193
10194
10195
10196
10215
10216
10217
10218
10219
10220
10221
10222
10223
10282
10283
10284
10285
10286
10287
10288
10289
10290
10291
10292
10293
10296
10297
10298
10321
10322
10323
10324
10325
10326
10343
10344
10345
10346
10347
10348
10417
10418
10419
10420
10421
10422
10423
10424
10425
10426
10427
10428
10429
10430
10431
10432
10433
10434
10435
10436
10658
10659
10660
10661
10662
10663
10664
10665
10666
10667
10668
10669
10670
10671
10672
10673
10674
10675
10676
10677
10899
10900
10901
10902
10903
10904
10912
10913
10914
10915
10916
10917
15625
15626
15627
15628
15633
15634
15635
15636
15637
15638
15639
15640
15641
15642
15643
15644
15645
15646
15647
15648
15649
15650
15651
15652
15808
15809
15810
15811
15812
15813
15814
15815
15816
15817
15818
15819
15820
15821
15822
15823
15824
15825
15826
15827
15828
15829
15830
15831
15832
15833
15834
15986
15987
15988
15989
15990
15991
15992
15993
15994
15995
15996
15997
15998
15999
16000
16001
16002
16003
16004
16005
16006
16007
16008
16009
16010
16011
16012
16162
16163
16164
16165
16166
16167
16168
16169
16170
16171
16172
16173
16174
16175
16176
16177
16178
16179
16180
16181
16182
16183
16184
16185
16186
16821
16822
16972
16973
16984
16985
17129
17130
17131
17269
17270
17271
17272
17406
17407
17865
17975
